\[Gamma]a = -0.1
 
\[Gamma] = 1.
 
\[Gamma]d = 200
 
\[Kappa] = 300.
 
\[Alpha] = 5.
 
Nth = 6.2499999999999995*^-6
 
Ntr = 5.934999999999999*^-6
 
boundary = {{0.0108907628725075, 1.0016659971601034}, {0.010987941038146267, 
    1.001671579525813}, {0.011085977917405154, 1.001677216931391}, 
    {0.01118490520083581, 1.0016829106925305}, {0.011284733388270168, 
    1.0016886615724037}, {0.011385460987046571, 1.0016944691914829}, 
    {0.011487084219092955, 1.0017003330648495}, {0.011589608198324566, 
    1.001706253423104}, {0.011693047216987086, 1.0017122306276087}, 
    {0.011797412090000669, 1.0017182654328656}, {0.01190271005020094, 
    1.0017243580538642}, {0.012008947570724737, 1.0017305085440766}, 
    {0.012116130566816779, 1.001736717077836}, {0.012224264622944719, 
    1.00174298399198}, {0.012333357204397556, 1.001749309273117}, 
    {0.012443425682010368, 1.0017556939491388}, {0.012554491340461802, 
    1.001762139205911}, {0.01266657576122368, 1.0017686456448625}, 
    {0.012779671356089328, 1.00177521310451}, {0.012893737622172144, 
    1.0017818389304416}, {0.0130087520647292, 1.0017885215649887}, 
    {0.013124726805230061, 1.001795261461466}, {0.013241708604678232, 
    1.0018020614924539}, {0.013359874615667934, 1.0018089313136604}, 
    {0.013479839317292864, 1.0018159070229387}, {0.013601133950312448, 
    1.0018229607857156}, {0.013721622760129311, 1.0018299684832372}, 
    {0.013843375869903148, 1.0018370499959517}, {0.013974439636956326, 
    1.0018446736366529}, {0.014108265548610353, 1.0018524579548354}, 
    {0.014223084469579159, 1.001859136669329}, {0.014327813191911568, 
    1.0014599176254586}, {0.014424699723591686, 1.0018708638676175}, 
    {0.014558606164620479, 1.0018786521242207}, {0.014699211455467842, 
    1.0018868293103662}, {0.01483194804864486, 1.0018945478236965}, 
    {0.01496294029065322, 1.0019021642056898}, {0.015097013946053374, 
    1.0019099585690923}, {0.015232677732559574, 1.0019178440982681}, 
    {0.015368716699574732, 1.0019257500763046}, {0.015505726680421656, 
    1.0019337110252016}, {0.015643971706173043, 1.001941741821534}, 
    {0.01578350820961245, 1.0019498458582794}, {0.015924367380636562, 
    1.001958024779313}, {0.01606653429808732, 1.001966277586392}, 
    {0.016209963864264692, 1.0019746010457313}, {0.01635464080893139, 
    1.0019829947003271}, {0.016500590237282887, 1.0019914596457837}, 
    {0.016647837231489458, 1.0019999972492413}, {0.016796404621386162, 
    1.002008608331429}, {0.016946304508423323, 1.002017293929547}, 
    {0.017097544847731617, 1.0020260539428536}, {0.017250134229626183, 
    1.0020348888702164}, {0.017404083521986406, 1.0020437991419078}, 
    {0.017559404323237486, 1.0020527853928574}, {0.017716108229642633, 
    1.002061848136248}, {0.017874210072432267, 1.0020709878419312}, 
    {0.01803372497424211, 1.0020802052785958}, {0.018194664470420417, 
    1.0020895012282587}, {0.018357039132686766, 1.0020988759568585}, 
    {0.01852086157273955, 1.0021083300996256}, {0.018686145535244166, 
    1.0021178641614277}, {0.01885290416603697, 1.0021274787945966}, 
    {0.01902115036919352, 1.002137174759237}, {0.019190897360175384, 
    1.0021469525690605}, {0.019362158569557343, 1.0021568126970157}, 
    {0.019534947527771778, 1.0021667559612988}, {0.019709277860354143, 
    1.0021767829468793}, {0.019885163284855515, 1.002186894233481}, 
    {0.020062617643458017, 1.0021970904333068}, {0.020241654909368693, 
    1.0022073722938931}, {0.0204222891919057, 1.0022177404722479}, 
    {0.02060453472214338, 1.0022281958461712}, {0.02078840585736986, 
    1.0022387386337397}, {0.020973917073789317, 1.0022493698765582}, 
    {0.021161082984757756, 1.0022600899277803}, {0.02134991832773232, 
    1.002270899966153}, {0.021540437980780706, 1.0022818001252702}, 
    {0.02173265693904648, 1.002292791720392}, {0.021926590340362838, 
    1.0023038749415183}, {0.022122253451104922, 1.0023150508883667}, 
    {0.022319661679157093, 1.0023263203539827}, {0.022518830575188768, 
    1.0023376834932156}, {0.022719775809693192, 1.0023491418300836}, 
    {0.02292251320704308, 1.0023606955296542}, {0.023127058717577777, 
    1.0023723456157136}, {0.023333428432080378, 1.002384092813869}, 
    {0.023541638593946045, 1.0023959379565868}, {0.023751705606772807, 
    1.0024078819743736}, {0.023963646021737686, 1.0024199252417356}, 
    {0.02417747651361047, 1.0024320690755353}, {0.024393213905754187, 
    1.002444313833905}, {0.02461087515710955, 1.0024566605893288}, 
    {0.02483047738317079, 1.0024691104370536}, {0.025052037869807923, 
    1.0024816635049867}, {0.025275574040034887, 1.0024943213793278}, 
    {0.02550110348469619, 1.0025070846908744}, {0.02572864395127307, 
    1.0025199539602179}, {0.02595821332886344, 1.0025329306101884}, 
    {0.026189829681039403, 1.0025460150632215}, {0.026423511222571996, 
    1.002559208630691}, {0.026659276359396387, 1.0025725118462894}, 
    {0.02689714360442228, 1.0025859259811651}, {0.027137131643274345, 
    1.0025994515528707}, {0.027379259367309075, 1.00261308976201}, 
    {0.027623545788870763, 1.0026268416452628}, {0.02787001010302698, 
    1.0026407081430588}, {0.02811867171971109, 1.002654689865407}, 
    {0.02836955019357191, 1.0026687881486598}, {0.028622665233655132, 
    1.0026830037399896}, {0.028878036705228805, 1.0026973379425905}, 
    {0.029135684679787385, 1.0027117914681576}, {0.029395629405704036, 
    1.0027263654642948}, {0.029657891314525904, 1.0027410608779228}, 
    {0.0299224910094765, 1.0027558787839368}, {0.030189449270962638, 
    1.002770820259588}, {0.03045878706478575, 1.002785886394917}, 
    {0.030730525544574522, 1.002801078249587}, {0.03100468605404611, 
    1.002816396722247}, {0.03128129011390408, 1.0028318433284342}, 
    {0.03156035945231119, 1.0028474186213485}, {0.0318419159727771, 
    1.0028631240392885}, {0.032125981782106156, 1.002878960481001}, 
    {0.03241257916787025, 1.0028949295618923}, {0.032701730633034574, 
    1.0029110319071228}, {0.03299345886764436, 1.002927268681854}, 
    {0.03328778675604067, 1.0029436413648964}, {0.03358473739078608, 
    1.0029601511635122}, {0.03388433407499896, 1.002976798928501}, 
    {0.034186600301837566, 1.002993586181825}, {0.03449155978248371, 
    1.0030105139484096}, {0.034799236431875484, 1.0030275834908489}, 
    {0.03510965437485895, 1.0030447960652582}, {0.035422837948793036, 
    1.0030621529262882}, {0.035738811705550357, 1.0030796553297794}, 
    {0.036057600411810435, 1.0030973045563567}, {0.03637922905691657, 
    1.003115101670509}, {0.036703722832531746, 1.0031330484559795}, 
    {0.03703110717244825, 1.0031511458621867}, {0.037361407720677, 
    1.003169395315527}, {0.03769465035020833, 1.0031877981180994}, 
    {0.038030861156119984, 1.0032063558032538}, {0.03837006647330414, 
    1.0032250694761216}, {0.03871229285906958, 1.0032439405319473}, 
    {0.039057567097877915, 1.0032629705971987}, {0.03940591622343961, 
    1.0032821608036486}, {0.03975736749351557, 1.0033015126963902}, 
    {0.04011194840531699, 1.0033210278035498}, {0.04046968669729608, 
    1.0033407076616971}, {0.04083061036524289, 1.0033605533061019}, 
    {0.04119474762754094, 1.0033805664810804}, {0.0415621269576274, 
    1.0034007487026553}, {0.041932777089143836, 1.00342110116811}, 
    {0.04230672697757129, 1.0034416259203822}, {0.042684005858131285, 
    1.003462324186964}, {0.04306464321467528, 1.0034831974349798}, 
    {0.04344866877957664, 1.0035042473779643}, {0.04383611255204243, 
    1.0035254754979497}, {0.044227004785412416, 1.003546883516751}, 
    {0.044621375998836255, 1.0035684730996788}, {0.045019256987265346, 
    1.0035902455797117}, {0.0454206787969455, 1.00361220278445}, 
    {0.04582567275675181, 1.0036343462842008}, {0.046234270462379996, 
    1.00365667778915}, {0.046646503790534685, 1.003679198800937}, 
    {0.04706240486865947, 1.0037019114992076}, {0.04748200614303962, 
    1.0037248171045388}, {0.04790534030185138, 1.0037479177867004}, 
