\[Gamma]a = -0.1
 
\[Gamma] = 1.
 
\[Gamma]d = 50.
 
\[Kappa] = 300.
 
\[Alpha] = 5.
 
Nth = 6.2499999999999995*^-6
 
Ntr = 5.934999999999999*^-6
 
boundary = {{1.0004832369486492, 0.011162061468402627}, 
     {1.0004767901102702, 0.01136289044895231}, {1.00047066116333, 
      0.01156733276558179}, {1.0004648246765138, 0.011775453429812748}, 
     {1.0004592679341635, 0.011987318622861003}, {1.0004539909362793, 
      0.012202995716681736}, {1.0004489809672037, 0.012422553295393412}, 
     {1.0004442253112793, 0.01264606117708715}, {1.000439723968506, 
      0.012873590436028495}, {1.0004354769388835, 0.013105213425258617}, 
     {1.000431458791097, 0.013341003799602203}, {1.0004276695251464, 
      0.013581036539089257}, {1.000424109141032, 0.013825387972798364}, 
     {1.0004207649230956, 0.014074135803128877}, {1.000417636871338, 
      0.01432735913050988}, {1.0004147122701008, 0.01458513847855367}, 
     {1.0004119911193847, 0.01484755581966182}, {1.0004094734191895, 
      0.015114694601091945}, {1.000407159169515, 0.015386639771493477}, 
     {1.0004050229390462, 0.015663477807920854}, {1.0004030774434407, 
      0.015945296743332754}, {1.000401309967041, 0.01623218619458606}, 
     {1.0003997332255046, 0.01652423739093357}, {1.0003983217875163, 
      0.016821543203034344}, {1.0003970883687336, 0.017124198172486088}, 
     {1.0003960329691568, 0.017432298541888852}, {1.0003951428731281, 
      0.017745942285449626}, {1.0003944053649902, 0.01806522914013763}, 
     {1.000393845876058, 0.018390260637400072}, {1.0003934516906738, 
      0.01872114013544862}, {1.0005437507629396, 0.019057972852126716}, 
     {1.0005487734476726, 0.019400865898368282}, {1.000553897857666, 
      0.0197499283122584}, {1.0005590985616049, 0.020105271093706804}, 
     {1.0005644009908041, 0.020467007239745247}, {1.0005697924296062, 
      0.020835251780459942}, {1.000575272878011, 0.021210121815570457}, 
     {1.000580842336019, 0.0215917365516668}, {1.000586513519287, 
      0.02198021734011647}, {1.0005922864278158, 0.02237568771565345}, 
     {1.0005981483459472, 0.022778273435661665}, {1.0006041247049968, 
      0.023188102520165045}, {1.000610190073649, 0.023605305292537238}, 
     {1.0006163698832193, 0.024030014420943675}, {1.00062265141805, 
      0.02446236496052935}, {1.0006290473937989, 0.024902494396365583}, 
     {1.000635545094808, 0.025350542687169537}, {1.000642157236735, 
      0.025806652309810243}, {1.0006488838195802, 0.026270968304615554}, 
     {1.0006557248433432, 0.02674363832149409}, {1.000662680308024, 
      0.027224812666887095}, {1.0006697692871094, 0.027714644351565093}, 
     {1.0006769714355468, 0.028213289139284448}, {1.000684295654297, 
      0.028720905596319322}, {1.0006917521158853, 0.029237655141884946}, 
     {1.0006993306477865, 0.02976370209946797}, {1.000707051595052, 
      0.030299213749080497}, {1.0007148946126303, 0.03084436038045412}, 
     {1.000722880045573, 0.03139931534719112}, {1.0007310078938803, 
      0.03196425512189001}, {1.000739267985026, 0.03253935935226278}, 
     {1.0007476806640625, 0.0331248109182619}, {1.0007562357584636, 
      0.03372079599023514}, {1.0007649434407553, 0.03432750408812667}, 
     {1.0007738037109375, 0.034945128141743366}, {1.0007828165690105, 
      0.03557386455210546}, {1.0007919921875, 0.03621391325390089}, 
     {1.0008013203938801, 0.03686547777906351}, {1.0008108215332032, 
      0.037528765321495045}, {1.0008204854329428, 0.03820398680295162}, 
     {1.000830322265625, 0.03889135694011578}, {1.0008403218587238, 
      0.03959109431287503}, {1.0008505147298177, 0.04030342143382924}, 
     {1.0008608805338541, 0.04102856481904825}, {1.0008714294433594, 
      0.04176675506010283}, {1.0008821614583334, 0.04251822689739144}, 
     {1.000893096923828, 0.04328321929478641}, {1.0009042154947916, 
      0.04406197551562315}, {1.000915537516276, 0.044854743200056474}, 
     {1.0009270629882812, 0.04566177444380881}, {1.0009387919108073, 
      0.046483325878335355}, {1.0009507344563802, 0.04731965875243131}, 
     {1.000962890625, 0.048171039015307615}, {1.0009752705891928, 
      0.04903773740116122}, {1.0009878641764323, 0.04992002951526724}, 
     {1.0010006841023762, 0.05081819592161987}, {1.001013745625814, 
      0.05173252223214977}, {1.0010270360310871, 0.052663299197547406}, 
     {1.001040585835774, 0.0536108227997221}, {1.0010543645222993, 
      0.05457539434591796}, {1.0010684026082373, 0.05555732056452527}, 
     {1.001082684834791, 0.05655691370264154}, {1.0010972417195647, 
      0.05757449162535301}, {1.0011120580037751, 0.05861037791671812}, 
     {1.0011271489460856, 0.05966490198282189}, {1.001142514546608, 
      0.060738399156802514}, {1.001158170064591, 0.06183121080447047}, 
     {1.0011741154990372, 0.06294368443264252}, {1.0011903508488886, 
      0.06407617380455254}, {1.0012068913786696, 0.06522903904816457}, 
     {1.0012237370869557, 0.06640264675247785}, {1.0012408879486814, 
      0.0675973701226403}, {1.0012583745151662, 0.0688135891421028}, 
     {1.0012761816073796, 0.07005169047242642}, {1.0012943242453662, 
      0.07131206760529589}, {1.0013128023182998, 0.07259512196799667}, 
     {1.0013316323123482, 0.07390126189264284}, {1.0013508108392835, 
      0.07523089947198215}, {1.00137035856083, 0.07658445932147592}, 
     {1.0013902768084595, 0.07796238480001354}, {1.0014105780451934, 
      0.07936509310027753}, {1.001431258641342, 0.08079299345266713}, 
     {1.001452341008123, 0.08224667220594817}, {1.0014738215982992, 
      0.08372662476052022}, {1.0014957117409309, 0.08523269166508059}, 
     {1.0015180208404892, 0.08676580747494324}, {1.0015407952261646, 
      0.08832881237147266}, {1.0015639805660237, 0.08991793382656892}, 
     {1.0015874988727136, 0.09152739755827952}, {1.0016117359266121, 
      0.09318411747384665}, {1.0016374040030924, 0.09493595864418893}, 
     {1.0016631486599623, 0.0966906060185076}, {1.001678260035855, 
      0.09771867393664793}, {1.0016998593424327, 0.0991871636351843}, 
     {1.0016749588325728, 0.09749429506693846}, {1.0016974493047544, 
      0.09902329025182896}, {1.0017636478636465, 0.10351119223209483}, 
     {1.0017952566943373, 0.10564765606482232}, {1.0017991066775536, 
      0.1059073076444577}, {1.001836897915246, 0.1084549443533326}, 
     {1.0018693757243378, 0.11063967037562573}, {1.001896943732738, 
      0.11248964297813835}, {1.0019266616461298, 0.11447979772406301}, 
     {1.001956981242985, 0.11650668944987569}, {1.0019909385531118, 
      0.11877127174177664}, {1.0020296938661932, 0.12134888230327262}, 
     {1.0020641295891994, 0.12363355474613956}, {1.0020869052197483, 
      0.12514104853831384}, {1.0021147362225702, 0.1269798561022157}, 
     {1.0021507151910343, 0.1293514677189443}, {1.002186984194772, 
      0.1317359529235441}, {1.0022226946322255, 0.13407709363401926}, 
     {1.0022592281247058, 0.13646567815877156}, {1.002297151840715, 
      0.13893881224705593}, {1.0023369023160897, 0.14152242821842417}, 
     {1.0023740331452569, 0.14392812674121735}, {1.002410139463477, 
      0.1462614816370142}, {1.0024620002695648, 0.14960016127232822}, 
     {1.0025246704204636, 0.15361634015694603}, {1.0025598988097175, 
      0.15586564834403455}, {1.0025459407936885, 0.15497523677943795}, 
     {1.0026546718850007, 0.161882397537078}, {1.0025976834585655, 
      0.1582701203882748}, {1.0026687032270474, 0.16276911196872354}, 
     {1.0026410630225482, 0.16102116507784395}, {1.0026563228872756, 
      0.16198691927701356}, {1.0027168738297996, 0.16580587432762176}, 
     {1.0027865587529905, 0.170176083329886}, {1.002835157585836, 
      0.1732087105802391}, {1.0028801728660297, 0.17600561914875557}, 
     {1.0029325592940117, 0.1792474340281653}, {1.0029857295175573, 
      0.18252178682143563}, {1.0030388268895347, 0.1857763853391333}, 
     {1.0030935118015674, 0.1891117372143374}, {1.0031496994506954, 
      0.1925214009392954}, {1.0032073080740211, 0.19599902649929532}, 
