\[Gamma]a = -0.1
 
\[Gamma] = 1.
 
\[Gamma]d = 500
 
\[Kappa] = 300.
 
\[Alpha] = 5.
 
Nth = 6.2499999999999995*^-6
 
Ntr = 5.934999999999999*^-6
 
boundary = {{0.010836539844380053, 1.004143888801696}, {0.010910948159912235, 
    1.0041545163854526}, {0.01098586812350927, 1.0041652262716603}, 
    {0.011061302889332523, 1.0041760185171138}, {0.01113725561203552, 
    1.004186893176591}, {0.01121372945756483, 1.0041978503044746}, 
    {0.011290727614054228, 1.0042088909148996}, {0.011368253304371082, 
    1.0042200150663954}, {0.011446310093084403, 1.0042312224697207}, 
    {0.011524903025793563, 1.0042425142783942}, {0.01160403771153967, 
    1.0042538899220261}, {0.011683720185349978, 1.0042653517837472}, 
    {0.01176395533366275, 1.004276898833337}, {0.011844740074759615, 
    1.0042885317166972}, {0.011926069459579783, 1.0043002478446201}, 
    {0.012007943073693537, 1.0043120489210182}, {0.012090367095720301, 
    1.0043239339719554}, {0.012173350783953435, 1.004335904904149}, 
    {0.012256915652999462, 1.0043479645984341}, {0.012341153933047229, 
    1.0043601269880347}, {0.012426156884932255, 1.0043724025805587}, 
    {0.012511597894191333, 1.0043847465978541}, {0.012597177214918171, 
    1.0043971138928391}, {0.012683588433581926, 1.0044096054654656}, 
    {0.012772429966758559, 1.0044224516719875}, {0.012862498411321185, 
    1.0044354787328689}, {0.012949837398501819, 1.0044481137204315}, 
    {0.0130322508530371, 1.003562964500759}, {0.013121053917051354, 
    1.003600720192602}, {0.013202939115192183, 1.004484743126621}, 
    {0.013295782987575043, 1.004498183765965}, {0.013389197556839502, 
    1.0045117096401415}, {0.013481230744796716, 1.0045250364094707}, 
    {0.01357338801211468, 1.0045383830359365}, {0.013666651988865724, 
    1.0045518909971243}, {0.013760801986961295, 1.00456552824835}, 
    {0.013855410844802275, 1.00457923371162}, {0.013950529835890029, 
    1.0045930119689028}, {0.014046279017270697, 1.004606883223078}, 
    {0.014142690003300614, 1.0046208500969183}, {0.01423977491843508, 
    1.004634914832317}, {0.01433754564598695, 1.0046490782077298}, 
    {0.014436005629785248, 1.0046633413168318}, {0.01453515008579135, 
    1.0046777026220362}, {0.014634971273415917, 1.0046921622583045}, 
    {0.01473546661752826, 1.0046879480460387}, {0.014836644231590135, 
    1.0046753319453205}, {0.014938514573835025, 1.0046630080339096}, 
    {0.015041086563599001, 1.0046509730600828}, {0.015144365867389523, 
    1.004639224261829}, {0.01524835578710265, 1.0046277606061482}, 
    {0.015353059539972808, 1.004616579614311}, {0.015458481119725228, 
    1.0046056801848395}, {0.015564625899998241, 1.0045950589579546}, 
    {0.015671499471021356, 1.0045847143322124}, {0.01577910709590897, 
    1.0045746449044715}, {0.015887453802134122, 1.0045648484470207}, 
    {0.015996544551669, 1.0045553229991764}, {0.016106384357394064, 
    1.004546066717961}, {0.016216978525536618, 1.0045370780533383}, 
    {0.016328332942303708, 1.0045283547964752}, {0.01644045273807392, 
    1.004519896767663}, {0.01655334190053664, 1.0045117013527782}, 
    {0.01666700396460319, 1.0045037662374576}, {0.016781442905873474, 
    1.004496091624126}, {0.016896667017497664, 1.004488674881464}, 
    {0.01701268697181704, 1.004481514814718}, {0.01712951383502476, 
    1.0044746093261054}, {0.017247157104964553, 1.0044679574472448}, 
    {0.01736560981295654, 1.0044615569751225}, {0.017484856691694205, 
    1.0044554100051546}, {0.017604886126338915, 1.0044495149267665}, 
    {0.017725696424567693, 1.0044438700317253}, {0.017847323932465128, 
    1.0044384727556501}, {0.017969828699450893, 1.004433320580076}, 
    {0.018092237687919465, 1.0038710022669926}, {0.018217986343060554, 
    1.0044237280513215}, {0.018343494323908728, 1.0044192937842362}, 
    {0.018469281780320264, 1.0044151230723175}, {0.018595542933189525, 
    1.004411203120282}, {0.018723848843432943, 1.004407489637876}, 
    {0.018854969606900827, 1.004403967790083}, {0.018986685046637534, 
    1.0044007015931726}, {0.019104810273308487, 1.0053369086708932}, 
    {0.01924230213904685, 1.0043951170645535}, {0.01936763442870228, 
    1.005374587483273}, {0.01950047851234241, 1.0053936207165897}, 
    {0.019634707208416858, 1.0054128447355455}, {0.019769845312873274, 
    1.0054321910133657}, {0.01990568569202738, 1.0054516301922503}, 
    {0.020042314462521235, 1.0054711736417767}, {0.020179832826879098, 
    1.0054908366111417}, {0.02031832391429287, 1.0055106303444559}, 
    {0.020457814173260376, 1.0055305575029931}, {0.02059829245859648, 
    1.0055506179636777}, {0.02073974613707862, 1.0055708087689974}, 
    {0.020882162898804457, 1.0055911287101544}, {0.021025543828025156, 
    1.0056115772571332}, {0.021169900330578126, 1.0056321553928462}, 
    {0.021315244331563718, 1.005652865275956}, {0.021461588099971892, 
    1.0056737082249487}, {0.02160894052910815, 1.0056946856047553}, 
    {0.021757307188822815, 1.0057157979924178}, {0.021906693256310263, 
    1.0057370458019117}, {0.02205710405689889, 1.0057584291058885}, 
    {0.02220854624918883, 1.0057799498275874}, {0.022361027409400602, 
    1.0058016083452657}, {0.022514555081073476, 1.0058234047624877}, 
    {0.022669136790093403, 1.005845340829361}, {0.02282477987654575, 
    1.0058674173096178}, {0.022981491530094027, 1.0058896355671398}, 
    {0.023139278982946456, 1.0059119944763553}, {0.023298149509292064, 
    1.0059344977919211}, {0.02345811050786447, 1.0059571441524209}, 
    {0.02361916948407092, 1.0059799349170973}, {0.023781333995968355, 
    1.006002872338453}, {0.02394461165849184, 1.0060259553264312}, 
    {0.024109010115335165, 1.0060491858344365}, {0.024274537048276958, 
    1.006072564240975}, {0.02444120018913648, 1.0060960922164977}, 
    {0.024609007324252915, 1.0061197709572474}, {0.024777966301148455, 
    1.0061436001590471}, {0.02494808502214577, 1.0061675813091704}, 
    {0.025119371444121453, 1.006191715503956}, {0.025291833577699308, 
    1.006216003996193}, {0.0254654794895031, 1.0062404468454986}, 
    {0.0256403172972354, 1.0062650457926434}, {0.025816355175644345, 
    1.0062898017764228}, {0.025993601355325677, 1.006314715790458}, 
    {0.026172064124518793, 1.006339788272623}, {0.02635175182557164, 
    1.0063650210795856}, {0.026532672861864295, 1.0063904142177775}, 
    {0.02671483569049884, 1.0064159695885846}, {0.026898248827504703, 
    1.006441688510077}, {0.027082920850448403, 1.0064675707078878}, 
    {0.027268860391633308, 1.006493617792404}, {0.027456076142483663, 
    1.0065198313622088}, {0.027644576856796985, 1.0065462117133928}, 
    {0.027834371344807183, 1.0065727606685155}, {0.028025468479265958, 
    1.0065994790707709}, {0.028217877193727717, 1.0066263677497143}, 
    {0.028411606483942677, 1.0066534271019763}, {0.028606665401529553, 
    1.0066806598873033}, {0.028803063064601977, 1.0067080669192605}, 
    {0.029000808655978996, 1.0067356480787173}, {0.029199911416719758, 
    1.006763405092862}, {0.029400380650670715, 1.0067913398254495}, 
    {0.029602225730110825, 1.006819452291198}, {0.029805456086637806, 
    1.0068477444199784}, {0.030010081218880214, 1.0068762171283507}, 
    {0.030216110690515448, 1.0069048712621287}, {0.0304235541255353, 
    1.0069337095790474}, {0.030632421224273246, 1.0069627309925864}, 
    {0.030842721744246886, 1.0069919377843883}, {0.0310544655112393, 
    1.007021331612327}, {0.031267662421053645, 1.00705091313226}, 
    {0.031482322437233985, 1.0070806830044037}, {0.03169845558522048, 
    1.0071106440071094}, {0.031916071966489615, 1.0071407963260366}, 
    {0.03213518174879754, 1.0071711411261592}, {0.032355795166523, 
    1.0072016805328474}, {0.03257792252944252, 1.0072324148644303}, 
    {0.0328015742112749, 1.0072633465156526}, {0.03302676066262928, 
    1.007294475977405}, {0.03325349240573532, 1.0073258037399628}, 
    {0.033481780025483646, 1.007357333132481}, {0.03371163419159863, 
