\[Gamma]a = 0.1
 
\[Gamma] = 1.
 
\[Gamma]d = 50.
 
\[Kappa] = 100
 
\[Alpha] = 5.
 
Nth = 6.25*^6
 
Ntr = 5.935*^6
 
boundary = {{10.426982615543745, 1.49523517918733}, 
     {10.416081243836988, 1.4947312273295084}, {10.405178210689535, 
      1.4942272891284047}, {10.394273527868082, 1.4937233646189345}, 
     {10.383367204541607, 1.49321945383883}, {10.372459237970968, 
      1.4927155568385762}, {10.361549624366207, 1.4922116736699524}, 
     {10.350638370742667, 1.491707804373596}, {10.33972548732519, 
      1.4912039489868825}, {10.328810984025084, 1.4907001075476476}, 
     {10.317894867075319, 1.4901962800977708}, {10.306977123047192, 
      1.489692466700406}, {10.2960577392927, 1.4891886674181087}, 
     {10.285136813509299, 1.4886848821952712}, {10.274214246649645, 
      1.4881811111874192}, {10.26329001949932, 1.487677354465275}, 
     {10.252364302460782, 1.4871736118947614}, {10.24143691684027, 
      1.4866698837186245}, {10.230507968929748, 1.4861661698722375}, 
     {10.21957737617767, 1.4856624704958223}, {10.208645241338292, 
      1.4851587855282498}, {10.197711583020073, 1.4846551149996148}, 
     {10.18677630374608, 1.4841514590674683}, {10.175839399432519, 
      1.4836478177880226}, {10.16490098308449, 1.4831441910886567}, 
     {10.153961060468687, 1.4826405790142543}, {10.143019516997878, 
      1.482136981743124}, {10.132076431797884, 1.4816333992401427}, 
     {10.121131811999051, 1.481129831549618}, {10.11018565007519, 
      1.4806262787324558}, {10.099237932888645, 1.4801227408560873}, 
     {10.088288675638642, 1.4796192179565497}, {10.077337907553021, 
      1.4791157100543075}, {10.066385556298819, 1.478612217284124}, 
     {10.055431728888312, 1.4781087395794452}, {10.044476440868323, 
      1.477605276976114}, {10.033519534115701, 1.4771018297069154}, 
     {10.022561197140002, 1.4765983976131651}, {10.0116013228268, 
      1.4760949808706791}, {10.000639993451964, 1.475591579440497}, 
     {9.989677134217063, 1.4750881934628448}, {9.978712746886107, 
      1.4745848229914247}, {9.967746922294767, 1.4740814679776435}, 
     {9.956779597224996, 1.4735781285495055}, {9.945810809418655, 
      1.473074804719598}, {9.934840568730996, 1.4725714965326975}, 
     {9.923868859802969, 1.4720682040628534}, {9.912895674176875, 
      1.4715649273765514}, {9.901921011473616, 1.4710616665312881}, 
     {9.890944955058515, 1.4705584214869325}, {9.8799674101492, 
      1.4700551924113503}, {9.868988382490832, 1.4695519793558738}, 
     {9.858007976455607, 1.469048782255921}, {9.84702612021393, 
      1.4685456012537417}, {9.836042828561073, 1.4680424363903604}, 
     {9.825058178313949, 1.4675392876334374}, {9.814072048386818, 
      1.467036155185116}, {9.803084512422135, 1.466533039017321}, 
     {9.79209558050273, 1.4660299391772993}, {9.781105185220497, 
      1.4655268558052552}, {9.770113499700752, 1.4650237887539852}, 
     {9.75912034069539, 1.464520738302844}, {9.748125822211529, 
      1.4640177043754616}, {9.737129890650985, 1.4635146870971385}, 
     {9.726132624335293, 1.4630116864342404}, {9.715133947963569, 
      1.4625087025387318}, {9.704133978756607, 1.46200573532968}, 
     {9.693132551430706, 1.4615027850698594}, {9.682129830373318, 
      1.4609998516210532}, {9.671125736192907, 1.460496935142086}, 
     {9.66012028013801, 1.4599940356818208}, {9.649113544204118, 
      1.4594911532021118}, {9.638105428588815, 1.4589882878885905}, 
     {9.627095941826253, 1.4584854397944116}, {9.616085181764157, 
      1.4579826088621353}, {9.605073136818204, 1.4574797951693723}, 
     {9.59405971221046, 1.456976998898054}, {9.583044998827466, 
      1.4564742199995848}, {9.572029005696594, 1.4559714585270833}, 
     {9.561011666021804, 1.4554687146291452}, {9.54999307733967, 
      1.4549659882486958}, {9.538973168511047, 1.4544632795404537}, 
     {9.527952048514937, 1.4539605884324824}, {9.516929559651446, 
      1.4534579151903193}, {9.50590585750765, 1.4529552596834094}, 
     {9.494880922040414, 1.4524526220031886}, {9.483854667133398, 
      1.451950002326241}, {9.472827186916318, 1.451447400599831}, 
     {9.461798465973411, 1.4509448169110306}, {9.450768490136841, 
      1.4504422513456505}, {9.439737274017986, 1.4499397039530135}, 
     {9.428704835305457, 1.4494371747786412}, {9.417671184037854, 
      1.4489346638780793}, {9.406636262371615, 1.4484321713953405}, 
     {9.395600181708183, 1.4479296972550142}, {9.384562873394598, 
      1.447427241615746}, {9.373524361793445, 1.446924804515608}, 
     {9.36248467110812, 1.4464223859930043}, {9.35144379742203, 
      1.4459199861234437}, {9.340401734059048, 1.4454176049863474}, 
     {9.329358551858503, 1.444915242559096}, {9.318314141591976, 
      1.444412899057384}, {9.307268574958302, 1.4439105744581215}, 
     {9.296221860325641, 1.4434082688220324}, {9.28517393894636, 
      1.4429059822998638}, {9.274124931910256, 1.4424037148024627}, 
     {9.263074771586908, 1.44190146649307}, {9.252023455918543, 
      1.4413992374477753}, {9.24097107695025, 1.4408970276159914}, 
     {9.229917547831167, 1.4403948371885669}, {9.218862858035646, 
      1.4398926662544311}, {9.207807107372599, 1.4393905147526918}, 
     {9.196750245675894, 1.4388883828261028}, {9.185692292686024, 
      1.4383862705229655}, {9.174633253230608, 1.4378841779121807}, 
     {9.163573127352961, 1.437382105069444}, {9.152511982114484, 
      1.4368800519785574}, {9.141449707328563, 1.4363780188676476}, 
     {9.130386371874671, 1.435876005718819}, {9.11932198469058, 
      1.4353740125968018}, {9.108256559187705, 1.4348720395603973}, 
     {9.097190108648665, 1.4343700866688016}, {9.086122568038254, 
      1.4338681540911242}, {9.075054044191457, 1.4333662417565498}, 
     {9.063984486325737, 1.4328643498148537}, {9.052913913569403, 
      1.4323624783184206}, {9.041842395936191, 1.431860627247872}, 
     {9.03076982103774, 1.431358796841726}, {9.019696255196605, 
      1.4308569870866292}, {9.008621646617277, 1.4303551981369678}, 
     {8.997546117253695, 1.4298534299001553}, {8.986469610395483, 
      1.429351682538082}, {8.97539213596878, 1.4288499561182286}, 
     {8.964313708197365, 1.4283482507021896}, {8.953234332612691, 
      1.4278465663643807}, {8.942154009031146, 1.427344903187779}, 
     {8.931072741700412, 1.4268432612494126}, {8.919990597148344, 
      1.4263416405360931}, {8.908907474242957, 1.425840041278592}, 
     {8.897823451914899, 1.425338463446355}, {8.886738472153743, 
      1.4248369072089913}, {8.875652636348295, 1.4243353725030155}, 
     {8.864565893971523, 1.4238338594876687}, {8.853478329774074, 
      1.4233323681236054}, {8.842389777417106, 1.4228308987428007}, 
     {8.831300459359408, 1.4223294511025646}, {8.820210215967341, 
      1.421828025526245}, {8.809119140712928, 1.4213266219622605}, 
     {8.798027177999305, 1.4208252405814379}, {8.786934411543267, 
      1.4203238813466195}, {8.775840783915855, 1.4198225444321098}, 
     {8.76474638771403, 1.4193212297873479}, {8.753651129182103, 
      1.418819937642891}, {8.742555069052493, 1.4183186679967728}, 
     {8.731458212975332, 1.417817420930318}, {8.720360513217154, 
      1.4173161966067354}, {8.7092620848844, 1.416814994941472}, 
     {8.698162861311532, 1.4163138161273685}, {8.687062909592482, 
      1.4158126601530028}, {8.675962152733266, 1.4153115272286314}, 
     {8.664860605918227, 1.4148104174239318}, {8.653758364795824, 
      1.4143093306840249}, {8.642655369700378, 1.413808267194197}, 
     {8.631551643196037, 1.4133072270132279}, {8.620447200862294, 
      1.4128062102110064}, {8.609342044205748, 1.4123052168797046}, 
     {8.59823617894333, 1.4118042471052903}, {8.58712961960188, 
      1.4113033009603555}, {8.57602237367855, 1.410802378528912}, 
     {8.564914435031442, 1.4103014799170077}, {8.55380586540103, 
      1.4098006051233545}, {8.542696582984284, 1.409299754374835}, 
     {8.531586663276366, 1.408798927649215}, {8.520476099783764, 
