\[Gamma]a = -0.1
 
\[Gamma] = 1.
 
\[Gamma]d = 50.
 
\[Kappa] = 100.
 
\[Alpha] = 5.
 
Nth = 6.2499999999999995*^-6
 
Ntr = 5.934999999999999*^-6
 
boundary = {{1.0014435460811613, 0.01123070496832795}, 
     {1.0014350535098013, 0.011319304814243489}, {1.0014267402572627, 
      0.011408604372772734}, {1.0014186036166115, 0.011498609148163556}, 
     {1.0014106408502343, 0.011589324689433102}, {1.0014028493881957, 
      0.011680756591093069}, {1.001395226823741, 0.01177291049021103}, 
     {1.0013877705776388, 0.011865792067487724}, {1.0013804781907258, 
      0.011959407051274056}, {1.0013733474763706, 0.01205376121672598}, 
     {1.0013663760143992, 0.01214886038182008}, {1.0013595617628677, 
      0.012244710412433623}, {1.0013529022032654, 0.012341317219742617}, 
     {1.0013463956211086, 0.012438686764122164}, {1.001340039885092, 
      0.012536825051801962}, {1.0013338327966201, 0.012635738136773966}, 
     {1.001327772563364, 0.012735432121757269}, {1.0013218570842046, 
      0.012835913156980048}, {1.0013160848351257, 0.01293718744334827}, 
     {1.0013104537588784, 0.013039261228200053}, {1.0013049622559866, 
      0.013142140810191709}, {1.001299608546624, 0.013245832538680578}, 
     {1.0012943908180594, 0.013350342811953074}, {1.0012893076036455, 
      0.013455678078212113}, {1.0012843572599373, 0.013561844837515427}, 
     {1.0012795383378323, 0.013668849643377305}, {1.0012748490562295, 
      0.013776699098866745}, {1.0012702882823086, 0.013885399859957128}, 
     {1.0012658544941733, 0.013994958635220031}, {1.0012615460271967, 
      0.014105382186401325}, {1.001257361941148, 0.01421667732990549}, 
     {1.0012533005340574, 0.014328850933892448}, {1.0012493607562187, 
      0.01444190992297269}, {1.001245541167084, 0.014555861274848316}, 
     {1.0012418407337536, 0.014670712023170907}, {1.0012382581492656, 
      0.014786469257477546}, {1.0012347921498999, 0.014903140123492633}, 
     {1.0012314418780923, 0.015020731822651326}, {1.0012282059275932, 
      0.015139251612278897}, {1.0012250833308989, 0.015258706809593885}, 
     {1.001222073101175, 0.015379104789242001}, {1.0012191740722767, 
      0.015500452982160937}, {1.0012163855179286, 0.015622758879432739}, 
     {1.0012137060431265, 0.015746030030683693}, {1.001211135168352, 
      0.015870274046422224}, {1.001208671721944, 0.015995498596167813}, 
     {1.0012063147035322, 0.016121711410011796}, {1.0012040633878654, 
      0.016248920278389704}, {1.001201917072473, 0.01637713305691672}, 
     {1.0011998746628725, 0.016506357663827954}, {1.0011979354676452, 
      0.01663660206487752}, {1.00119609875615, 0.01676787428678701}, 
     {1.0011943636348597, 0.016900182478610953}, {1.0011927294272915, 
      0.017033534862554964}, {1.001191195601241, 0.0171679395094155}, 
     {1.00118976121247, 0.01730340449597304}, {1.0011884255185544, 
      0.017439938749310706}, {1.0011871881513092, 0.01757755158078425}, 
     {1.001186048188929, 0.017716249535166918}, {1.0011850052483118, 
      0.017856037683819243}, {1.0011840586615348, 0.017996931311075954}, 
     {1.001183207687899, 0.01813895279507605}, {1.0011824518802763, 
      0.018282088275352035}, {1.001181790970258, 0.0184262939427589}, 
     {1.001181224038444, 0.01857165299744954}, {1.0011807498385974, 
      0.018718382740480426}, {1.0011803691691148, 0.018866235698648436}, 
     {1.0011800823707064, 0.019014489585076667}, {1.001179887149218, 
      0.019163741081841882}, {1.0011797813957215, 0.01931747616475366}, 
     {1.0011797694617275, 0.019471028050210868}, {1.0011798494567659, 
      0.01962533453408681}, {1.0015096263577736, 0.01974083205655198}, 
     {1.0016679139996412, 0.019886390234383752}, {1.0016746854047045, 
      0.020040388109587286}, {1.0016817705507741, 0.020201574321314072}, 
     {1.0016887870599607, 0.020361250546600883}, {1.0016958144149952, 
      0.020521225724402507}, {1.0017029277966156, 0.020683211150192796}, 
     {1.0017100977764484, 0.020846540851215862}, {1.0017173132089217, 
      0.0210109613323661}, {1.0017245824995804, 0.02117666305261564}, 
     {1.0017319100087725, 0.021343750741121176}, {1.001739294388743, 
      0.02151219059366778}, {1.0017467337451276, 0.021681939193273672}, 
     {1.001754227854936, 0.021852999251109277}, {1.0017617782471542, 
      0.02202539887710405}, {1.0017693857150018, 0.02219916295502936}, 
     {1.0017770509074817, 0.022374301055099136}, {1.0017847738083143, 
      0.022550819820331042}, {1.001792554912263, 0.02272873020652092}, 
     {1.0018003946620664, 0.022908044048935358}, {1.0018082936346302, 
      0.023088772234194494}, {1.0018162522899168, 0.02327092566293728}, 
     {1.001824270895803, 0.023454515610314166}, {1.001832349987186, 
      0.023639553468205544}, {1.0018404899836382, 0.023826050638217137}, 
     {1.0018486916394693, 0.024014018594107348}, {1.0018569550576213, 
      0.024203468926922784}, {1.0018652808466122, 0.024394413319357742}, 
     {1.0018736694020696, 0.02458686354215392}, {1.0018821213975662, 
      0.024780831454202245}, {1.001890637117279, 0.024976329012085418}, 
     {1.001899217339469, 0.02517336826320308}, {1.0019078622069912, 
      0.025371961355504884}, {1.0019165725352324, 0.025572120524742704}, 
     {1.0019253486281054, 0.025773858107338305}, {1.0019341910176265, 
      0.025977186535478584}, {1.0019431001496963, 0.02618211834002322}, 
     {1.0019520767960033, 0.026388666146136008}, {1.0019611213270632, 
      0.026596842682012425}, {1.0019702343880938, 0.02680666077361617}, 
     {1.0019794163370204, 0.027018133350661486}, {1.0019886677075385, 
      0.027231273441917316}, {1.0019979892113544, 0.02744609417645633}, 
     {1.0020073814190418, 0.027662608788338518}, {1.0020168445829263, 
      0.027880830618607674}, {1.0020263795916757, 0.028100773104715048}, 
     {1.0020359868651993, 0.028322449796477918}, {1.0020456671146316, 
      0.028545874347455206}, {1.002055420768576, 0.02877106051941975}, 
     {1.0020652483265493, 0.02899802218211287}, {1.002075150759642, 
      0.02922677330941264}, {1.0020851282313288, 0.029457327993350334}, 
     {1.0020951815020744, 0.029689700428264982}, {1.0021053112805545, 
      0.029923904921514505}, {1.002115518132088, 0.03015995589586724}, 
     {1.0021258025242175, 0.030397867886895528}, {1.002136165318644, 
      0.030637655536471894}, {1.0021466070079972, 0.03087933360837941}, 
     {1.0021571281256092, 0.031122916984640255}, {1.0021677295161533, 
      0.03136842065643883}, {1.0021784118245578, 0.03161585973228832}, 
     {1.0021891755521215, 0.031865249443793375}, {1.002200021415179, 
      0.03211660514191716}, {1.0022109501076515, 0.032369942295266615}, 
     {1.0022219624212656, 0.032625276489150874}, {1.0022330587727972, 
      0.032882623438978194}, {1.002244240020301, 0.03314199897900487}, 
     {1.0022555067785626, 0.033403419069241574}, {1.002266859865728, 
      0.03366689978942173}, {1.0022782998484974, 0.03393245735051722}, 
     {1.002289827574725, 0.03420010808713829}, {1.0023014435858815, 
      0.03446986846562082}, {1.0023131487181844, 0.034741755074955714}, 
     {1.0023249437612505, 0.03501578463611935}, {1.0023368294985602, 
      0.035291974001086406}, {1.0023488064776622, 0.03557034015304807}, 
     {1.0023608754410462, 0.03585090020737565}, {1.002373037292624, 
      0.03613367142693378}, {1.0023852929612507, 0.036418671196464115}, 
     {1.0023976427999368, 0.03670591698390265}, {1.0024100878864435, 
      0.036995426420895934}, {1.0024226289662124, 0.03728721752318432}, 
     {1.0024352667758367, 0.03758130833034556}, {1.002448002169036, 
      0.037877716116858993}, {1.0024608359079017, 0.038176458597596157}, 
     {1.0024737688085923, 0.03847755700623603}, {1.0024868020553583, 
      0.038781032028567634}, {1.002499935802613, 0.03908689188855125}, 
     {1.0025131706006387, 0.03939514563319383}, {1.0025265088641135, 
      0.03970584886765979}, {1.0025399532422812, 0.040019063597017464}, 
